jng\jng,Xin Zhao,Jarvan IV,Vi,Wukong,Pantheon,Nocturne,Dr. Mundo,Lee Sin,Naafiri,Aatrox,Skarner,Trundle,Ambessa,Zaahen,Qiyana,Jayce,Sejuani,Malphite,Viego,Maokai,Poppy,Kha'Zix,Jax,Nidalee,Olaf,Rek'Sai,Sylas,Volibear,Zyra,Shen,Kindred,Taliyah,Diana,Gwen,Lillia,Graves,Hecarim,Ivern,Nunu & Willump,Shyvana,Zac,Darius,Brand,Karthus,Morgana,Zed,Amumu,Bel'Veth
Xin Zhao,+0.0000,+0.0889,+0.7828,-0.3107,+0.3471,+0.0617,+0.2167,-0.3640,+0.3956,+0.2923,-0.1780,-0.6100,+0.5510,+0.9983,+0.5727,+0.4426,+0.0247,+0.6469,-0.1508,+0.3514,+0.0737,+0.2503,-0.8152,+0.4182,+0.4251,+0.7439,+0.3749,-0.0750,+0.5727,+0.5823,+0.4541,+0.5928,+0.7788,+0.5248,+0.3385,+0.7234,+0.8290,+0.5363,+0.9137,+0.8090,+0.6848,+0.9557,+0.7320,+0.8972,+1.0306,+0.6614,+0.9554,+0.8477
Jarvan IV,-0.0889,+0.0000,-0.1232,-0.2984,+0.3619,+0.1171,+0.2779,-0.4819,-0.2415,+0.1964,-0.0259,+0.4690,+0.2470,+0.5647,+0.0899,+0.6236,+0.0868,+0.4630,-0.0535,+0.5218,-0.4727,+0.4285,+0.1215,+0.1660,+0.5487,+0.3644,+0.0941,+0.2021,+0.8139,+0.4525,+0.0168,+0.7230,+0.6260,+0.5198,+0.6318,+0.5258,+0.6373,+0.6868,+0.7867,+0.7384,+0.6005,+0.7426,+0.6517,+0.8154,+0.8628,+0.4119,+0.7214,+0.6460
Vi,-0.7828,+0.1232,+0.0000,-0.7240,+0.0994,-0.3016,+0.2481,-0.1700,-0.4112,+0.3695,-0.2191,+0.0674,+0.4630,+0.9537,+0.7634,+0.7855,-0.2896,+0.5958,-0.5821,-0.1155,-0.8139,+0.6507,+0.1609,+0.6239,+0.4762,+0.7730,+0.2137,+0.0287,+0.3397,+0.6723,-0.0905,+0.4936,+0.8716,+0.5408,+0.5676,+0.9378,+0.9347,+0.6498,+1.0422,+0.9114,+0.8408,+1.0203,+0.8334,+0.9934,+0.7078,+0.7415,+1.0840,+1.0145
Wukong,+0.3107,+0.2984,+0.7240,+0.0000,+0.7221,+0.2479,-0.0594,-0.2097,+0.4108,+0.3014,-0.0042,-0.0949,+0.5279,+0.6988,+0.5179,+0.6139,-0.0034,+0.4624,+0.0849,-0.1580,-0.3815,+0.3930,+0.0137,+0.3433,+0.3148,+0.7518,+0.3876,+0.0989,+0.0558,+0.5761,+0.3233,+0.3069,+0.4774,+0.4715,-0.1287,+0.7060,+0.6855,+0.3752,+0.6786,+0.5775,+0.5100,+0.7090,+0.3864,+0.6219,+0.6557,+0.5201,+0.5080,+0.6728
Pantheon,-0.3471,-0.3619,-0.0994,-0.7221,+0.0000,-0.4894,-0.0435,-0.2407,-0.0948,-0.0716,-0.7539,-0.4662,+0.3569,+0.8521,+0.6059,+0.6039,-0.5667,+0.4154,-0.0776,-0.0167,-0.4577,+0.6695,+0.1284,+0.5029,+0.3519,+0.6544,+0.4819,+0.1811,+0.3976,+0.4555,+0.3814,+0.4064,+0.7841,+0.6432,+0.4024,+0.7088,+0.8505,+0.4567,+0.7739,+0.9059,+0.7392,+0.8814,+0.5540,+0.8864,+0.9208,+0.6172,+0.9156,+0.9255
Nocturne,-0.0617,-0.1171,+0.3016,-0.2479,+0.4894,+0.0000,-0.2078,+0.1973,+0.3533,-0.0298,-0.1588,+0.0683,+0.3472,+0.6533,+0.4631,+0.7269,-0.2376,+0.4493,-0.2471,-0.0005,+0.4716,+0.3400,-0.0023,+0.3884,+0.3776,+0.4615,+0.1427,+0.2106,+0.6424,+0.5297,-0.1176,+0.6507,+0.5782,+0.4849,+0.2664,+0.6086,+0.6081,+0.3722,+0.7011,+0.5597,+0.5810,+0.6892,+0.5755,+0.6399,+0.7910,+0.5121,+0.7058,+0.6494
Dr. Mundo,-0.2167,-0.2779,-0.2481,+0.0594,+0.0435,+0.2078,+0.0000,-0.0330,-0.0205,-0.4591,-0.0428,-0.3871,-0.0710,+0.0002,+0.1243,+0.1625,+0.2289,+0.4240,-0.2548,+0.2709,+0.2366,+0.1436,+0.0965,-0.0845,+0.0886,+0.1985,-0.0329,+0.0601,+0.3200,+0.2281,-0.0093,+0.0933,+0.1125,-0.0403,-0.3149,+0.2588,+0.1868,+0.0722,+0.2811,+0.1868,+0.1780,+0.0634,+0.1818,+0.1512,+0.2461,+0.2365,+0.1689,+0.1877
Lee Sin,+0.3640,+0.4819,+0.1700,+0.2097,+0.2407,-0.1973,+0.0330,+0.0000,+0.0288,+0.0706,-0.1665,+0.4478,+0.3387,+0.3195,+0.4922,+0.3743,-0.2557,+0.2658,+0.2457,+0.0816,-0.3055,+0.2864,+0.1538,+0.6554,+0.2809,+0.1913,+0.3206,+0.1573,+0.2280,+0.2678,+0.2559,+0.2386,+0.2984,+0.4352,+0.3804,+0.3220,+0.3783,+0.3509,+0.3660,+0.3335,+0.2274,+0.4224,+0.2625,+0.4310,+0.5352,+0.3302,+0.3357,+0.3755
Naafiri,-0.3956,+0.2415,+0.4112,-0.4108,+0.0948,-0.3533,+0.0205,-0.0288,+0.0000,+0.1826,-0.2784,+0.2802,+0.1794,+0.4852,+0.2672,+0.2306,-0.2647,+0.2546,-0.2086,-0.0519,-0.7024,+0.2957,+0.1526,+0.1377,+0.2736,+0.4784,+0.2688,+0.1156,+0.0917,+0.3120,+0.0438,+0.0281,+0.2471,+0.2583,-0.1619,+0.4348,+0.3734,+0.2512,+0.4001,+0.3113,+0.3843,+0.3557,+0.2892,+0.4260,+0.4498,+0.2441,+0.3495,+0.3277
Aatrox,-0.2923,-0.1964,-0.3695,-0.3014,+0.0716,+0.0298,+0.4591,-0.0706,-0.1826,+0.0000,-0.0491,+0.0229,+0.2325,+0.0605,+0.0860,-0.0463,-0.2435,+0.2371,-0.0706,-0.1118,+0.0482,+0.0267,-0.0247,-0.0045,+0.1260,+0.1194,+0.1117,+0.1351,-0.0064,+0.2360,+0.0348,-0.0864,+0.1387,-0.0379,-0.0626,+0.2160,+0.1759,+0.0378,+0.2272,+0.2059,+0.1494,+0.1512,+0.2014,+0.2106,+0.2339,+0.1750,+0.3568,+0.2820
Skarner,+0.1780,+0.0259,+0.2191,+0.0042,+0.7539,+0.1588,+0.0428,+0.1665,+0.2784,+0.0491,+0.0000,-0.1126,+0.4691,+0.5884,+0.4994,+0.2593,+0.1385,+0.5305,-0.2561,+0.1531,+0.2590,+0.3298,+0.1872,+0.0313,+0.0159,+0.5037,+0.2521,+0.2262,+0.2048,+0.4458,+0.0698,+0.3493,+0.4468,+0.4435,-0.4065,+0.5465,+0.5447,-0.3259,+0.5286,+0.5359,+0.5007,+0.5029,-0.0093,+0.4618,+0.5916,+0.3806,+0.3344,+0.5500
Trundle,+0.6100,-0.4690,-0.0674,+0.0949,+0.4662,-0.0683,+0.3871,-0.4478,-0.2802,-0.0229,+0.1126,+0.0000,+0.0164,+0.4036,-0.1768,+0.0486,+0.3431,+0.4923,-0.1045,-0.3230,+0.3374,+0.1736,-0.1040,-0.1641,+0.1174,+0.1356,+0.1119,+0.1129,-0.1977,+0.2089,-0.1374,+0.3353,+0.2216,+0.1875,-0.3524,+0.3179,+0.1141,-0.2261,+0.4003,+0.2746,+0.2235,+0.1399,+0.1478,+0.2646,+0.3003,-0.4510,+0.2879,+0.1906
Ambessa,-0.5510,-0.2470,-0.4630,-0.5279,-0.3569,-0.3472,+0.0710,-0.3387,-0.1794,-0.2325,-0.4691,-0.0164,+0.0000,+0.2848,+0.1662,+0.1580,-0.4768,+0.2363,-0.3186,-0.3105,-0.4617,+0.2727,-0.1868,+0.0746,+0.2400,+0.2848,+0.1567,-0.0737,+0.1189,+0.3318,+0.0530,-0.0749,+0.3086,+0.3326,-0.0301,+0.3833,+0.3980,+0.1340,+0.3921,+0.4154,+0.4243,+0.3654,+0.3013,+0.3908,+0.4457,+0.3623,+0.4066,+0.5191
Zaahen,-0.9983,-0.5647,-0.9537,-0.6988,-0.8521,-0.6533,-0.0002,-0.3195,-0.4852,-0.0605,-0.5884,-0.4036,-0.2848,+0.0000,-0.1146,-0.4563,-0.7736,+0.0232,-0.4037,-0.7595,-0.1916,-0.1254,-0.3892,-0.1616,+0.0032,-0.0388,-0.0353,-0.0311,-0.3045,+0.1336,-0.0214,-0.4676,-0.0162,-0.3208,-0.2320,+0.1099,+0.1391,-0.1464,+0.1098,+0.1795,+0.2286,+0.1170,+0.0376,+0.0303,+0.0598,+0.0043,+0.2326,+0.2052
Qiyana,-0.5727,-0.0899,-0.7634,-0.5179,-0.6059,-0.4631,-0.1243,-0.4922,-0.2672,-0.0860,-0.4994,+0.1768,-0.1662,+0.1146,+0.0000,-0.2027,-0.6026,+0.0426,-0.4227,-0.5124,-0.3182,+0.0673,-0.0663,-0.1189,+0.2118,-0.1115,-0.0562,+0.0532,-0.1505,+0.2622,+0.0495,-0.0788,+0.0957,-0.0305,-0.0437,+0.1553,+0.1858,-0.0302,+0.1954,+0.0647,+0.1731,+0.1605,+0.1230,+0.2172,+0.1371,+0.0925,+0.2714,+0.2940
Jayce,-0.4426,-0.6236,-0.7855,-0.6139,-0.6039,-0.7269,-0.1625,-0.3743,-0.2306,+0.0463,-0.2593,-0.0486,-0.1580,+0.4563,+0.2027,+0.0000,-0.5691,-0.1295,-0.4048,-0.3828,+0.1143,+0.1385,+0.0670,-0.0185,+0.2797,+0.2867,+0.0732,+0.0314,-0.1037,+0.4651,+0.0250,+0.0014,+0.1738,+0.3257,-0.0297,+0.4015,+0.3817,+0.0929,+0.4578,+0.4215,+0.3045,+0.4291,+0.3354,+0.3743,+0.5107,+0.1034,+0.4573,+0.3942
Sejuani,-0.0247,-0.0868,+0.2896,+0.0034,+0.5667,+0.2376,-0.2289,+0.2557,+0.2647,+0.2435,-0.1385,-0.3431,+0.4768,+0.7736,+0.6026,+0.5691,+0.0000,+0.4606,-0.1890,+0.4335,-0.1279,+0.3909,+0.0864,+0.4156,+0.2467,+0.5977,+0.1830,+0.1947,+0.2984,+0.3502,+0.2355,+0.3688,+0.4409,+0.6054,-0.4967,+0.5109,+0.6082,+0.1997,+0.6097,+0.5670,+0.4010,+0.6212,+0.3069,+0.4887,+0.5647,+0.4248,+0.5845,+0.4915
Malphite,-0.6469,-0.4630,-0.5958,-0.4624,-0.4154,-0.4493,-0.4240,-0.2658,-0.2546,-0.2371,-0.5305,-0.4923,-0.2363,-0.0232,-0.0426,+0.1295,-0.4606,+0.0000,-0.3473,-0.3947,-0.0543,+0.0255,-0.0788,-0.1225,+0.0077,-0.0508,-0.1776,-0.0848,-0.1223,+0.1083,+0.0345,-0.1796,-0.1137,-0.2390,-0.1068,+0.0600,+0.1041,-0.0171,+0.0605,+0.1115,+0.0799,+0.1408,+0.0362,+0.0580,+0.0720,+0.0479,+0.1756,+0.1748
Viego,+0.1508,+0.0535,+0.5821,-0.0849,+0.0776,+0.2471,+0.2548,-0.2457,+0.2086,+0.0706,+0.2561,+0.1045,+0.3186,+0.4037,+0.4227,+0.4048,+0.1890,+0.3473,+0.0000,+0.3244,-0.0236,+0.2260,-0.0935,+0.3144,+0.0449,+0.5427,+0.2087,+0.1182,+0.3542,+0.1421,+0.2746,+0.2897,+0.3657,+0.3562,+0.3475,+0.3784,+0.3295,+0.1621,+0.3636,+0.3230,+0.2043,+0.3150,+0.2264,+0.3840,+0.2600,+0.2998,+0.2987,+0.3294
Maokai,-0.3514,-0.5218,+0.1155,+0.1580,+0.0167,+0.0005,-0.2709,-0.0816,+0.0519,+0.1118,-0.1531,+0.3230,+0.3105,+0.7595,+0.5124,+0.3828,-0.4335,+0.3947,-0.3244,+0.0000,+0.2128,+0.3970,+0.2360,+0.0961,+0.2363,+0.5073,-0.1826,-0.0028,+0.1005,+0.4457,+0.0659,+0.4623,+0.3196,+0.3389,-0.0912,+0.4816,+0.4259,-0.3020,+0.3544,+0.2981,+0.3568,+0.3713,+0.2953,+0.3091,+0.4509,+0.1947,+0.1707,+0.3934
Poppy,-0.0737,+0.4727,+0.8139,+0.3815,+0.4577,-0.4716,-0.2366,+0.3055,+0.7024,-0.0482,-0.2590,-0.3374,+0.4617,+0.1916,+0.3182,-0.1143,+0.1279,+0.0543,+0.0236,-0.2128,+0.0000,+0.0693,+0.2675,-0.0805,-0.0283,+0.0843,+0.3836,+0.0460,-0.2281,+0.1612,+0.1689,-0.0924,+0.0657,+0.1082,-0.0061,+0.1655,+0.0544,-0.1583,-0.0181,+0.0944,+0.1214,-0.0383,-0.2415,+0.0106,-0.0035,-0.0226,+0.0876,+0.1069
Kha'Zix,-0.2503,-0.4285,-0.6507,-0.3930,-0.6695,-0.3400,-0.1436,-0.2864,-0.2957,-0.0267,-0.3298,-0.1736,-0.2727,+0.1254,-0.0673,-0.1385,-0.3909,-0.0255,-0.2260,-0.3970,-0.0693,+0.0000,-0.1668,-0.1005,+0.0153,+0.0499,-0.0788,-0.0728,-0.0722,+0.0520,-0.0964,-0.1426,-0.0386,-0.0977,-0.1294,+0.0582,+0.0652,-0.1034,+0.0890,+0.1004,+0.1003,+0.0366,-0.0094,+0.0510,-0.0061,-0.0869,+0.0034,+0.1091
Jax,+0.8152,-0.1215,-0.1609,-0.0137,-0.1284,+0.0023,-0.0965,-0.1538,-0.1526,+0.0247,-0.1872,+0.1040,+0.1868,+0.3892,+0.0663,-0.0670,-0.0864,+0.0788,+0.0935,-0.2360,-0.2675,+0.1668,+0.0000,+0.0755,+0.2444,+0.2403,+0.1596,+0.1280,-0.0209,+0.0654,+0.1737,+0.0022,+0.1356,+0.6681,-0.2051,+0.1913,+0.1604,-0.0296,+0.1849,+0.2452,+0.1246,+0.3359,+0.0785,+0.2378,+0.3200,+0.0449,+0.2896,+0.1687
Nidalee,-0.4182,-0.1660,-0.6239,-0.3433,-0.5029,-0.3884,+0.0845,-0.6554,-0.1377,+0.0045,-0.0313,+0.1641,-0.0746,+0.1616,+0.1189,+0.0185,-0.4156,+0.1225,-0.3144,-0.0961,+0.0805,+0.1005,-0.0755,+0.0000,+0.1503,+0.2143,+0.1683,+0.0292,+0.0719,+0.1790,-0.1589,-0.0676,+0.1027,+0.1452,-0.0452,+0.1300,+0.2130,+0.0320,+0.1034,+0.0999,+0.0921,+0.2557,+0.1765,+0.1492,+0.2248,+0.1018,+0.1104,+0.0899
Olaf,-0.4251,-0.5487,-0.4762,-0.3148,-0.3519,-0.3776,-0.0886,-0.2809,-0.2736,-0.1260,-0.0159,-0.1174,-0.2400,-0.0032,-0.2118,-0.2797,-0.2467,-0.0077,-0.0449,-0.2363,+0.0283,-0.0153,-0.2444,-0.1503,+0.0000,+0.0156,-0.0903,-0.1528,-0.1067,+0.1040,-0.1176,-0.1054,-0.0300,-0.0111,-0.1968,+0.0143,-0.0102,-0.0270,+0.0620,+0.0423,-0.0606,+0.0966,-0.0347,+0.0241,+0.0196,-0.1402,+0.1153,+0.0749
Rek'Sai,-0.7439,-0.3644,-0.7730,-0.7518,-0.6544,-0.4615,-0.1985,-0.1913,-0.4784,-0.1194,-0.5037,-0.1356,-0.2848,+0.0388,+0.1115,-0.2867,-0.5977,+0.0508,-0.5427,-0.5073,-0.0843,-0.0499,-0.2403,-0.2143,-0.0156,+0.0000,-0.0716,-0.0578,-0.2280,+0.0521,-0.0844,-0.2623,+0.0189,-0.1284,-0.2848,+0.0391,+0.0500,-0.2681,+0.0429,+0.0489,+0.0307,+0.0806,+0.0286,-0.1060,+0.0196,+0.0495,+0.0379,+0.1341
Sylas,-0.3749,-0.0941,-0.2137,-0.3876,-0.4819,-0.1427,+0.0329,-0.3206,-0.2688,-0.1117,-0.2521,-0.1119,-0.1567,+0.0353,+0.0562,-0.0732,-0.1830,+0.1776,-0.2087,+0.1826,-0.3836,+0.0788,-0.1596,-0.1683,+0.0903,+0.0716,+0.0000,-0.0416,-0.0922,+0.0809,+0.0134,-0.1081,+0.0934,-0.0526,-0.1299,+0.0184,+0.0622,-0.0385,+0.1223,-0.0167,+0.0679,+0.1326,-0.0605,+0.1233,-0.0315,+0.1034,+0.1991,+0.1428
Volibear,+0.0750,-0.2021,-0.0287,-0.0989,-0.1811,-0.2106,-0.0601,-0.1573,-0.1156,-0.1351,-0.2262,-0.1129,+0.0737,+0.0311,-0.0532,-0.0314,-0.1947,+0.0848,-0.1182,+0.0028,-0.0460,+0.0728,-0.1280,-0.0292,+0.1528,+0.0578,+0.0416,+0.0000,+0.0083,+0.1129,+0.1117,-0.0051,+0.0926,+0.0135,-0.0638,+0.0814,+0.0650,+0.0341,+0.0382,+0.0887,+0.1333,+0.1179,+0.1079,+0.0379,+0.1773,+0.0057,+0.1170,+0.1655
Zyra,-0.5727,-0.8139,-0.3397,-0.0558,-0.3976,-0.6424,-0.3200,-0.2280,-0.0917,+0.0064,-0.2048,+0.1977,-0.1189,+0.3045,+0.1505,+0.1037,-0.2984,+0.1223,-0.3542,-0.1005,+0.2281,+0.0722,+0.0209,-0.0719,+0.1067,+0.2280,+0.0922,-0.0083,+0.0000,+0.2623,+0.1074,-0.0210,-0.0914,+0.0585,-0.0112,+0.3441,+0.1209,+0.1225,+0.1520,+0.2008,+0.1229,+0.2303,+0.0752,-0.1650,+0.3157,+0.0240,+0.1117,+0.2032
Shen,-0.5823,-0.4525,-0.6723,-0.5761,-0.4555,-0.5297,-0.2281,-0.2678,-0.3120,-0.2360,-0.4458,-0.2089,-0.3318,-0.1336,-0.2622,-0.4651,-0.3502,-0.1083,-0.1421,-0.4457,-0.1612,-0.0520,-0.0654,-0.1790,-0.1040,-0.0521,-0.0809,-0.1129,-0.2623,+0.0000,-0.0080,-0.3909,-0.0957,-0.2600,-0.1748,+0.0243,-0.0838,-0.1378,-0.0339,-0.0782,-0.0456,-0.0560,-0.0653,-0.0193,-0.0387,+0.1103,+0.0367,+0.0522
Kindred,-0.4541,-0.0168,+0.0905,-0.3233,-0.3814,+0.1176,+0.0093,-0.2559,-0.0438,-0.0348,-0.0698,+0.1374,-0.0530,+0.0214,-0.0495,-0.0250,-0.2355,-0.0345,-0.2746,-0.0659,-0.1689,+0.0964,-0.1737,+0.1589,+0.1176,+0.0844,-0.0134,-0.1117,-0.1074,+0.0080,+0.0000,-0.0600,+0.1658,+0.2007,+0.1936,+0.0874,+0.0464,+0.0614,+0.0927,+0.0631,+0.1548,+0.1214,+0.1265,+0.1362,+0.0762,+0.0220,+0.1294,+0.0933
Taliyah,-0.5928,-0.7230,-0.4936,-0.3069,-0.4064,-0.6507,-0.0933,-0.2386,-0.0281,+0.0864,-0.3493,-0.3353,+0.0749,+0.4676,+0.0788,-0.0014,-0.3688,+0.1796,-0.2897,-0.4623,+0.0924,+0.1426,-0.0022,+0.0676,+0.1054,+0.2623,+0.1081,+0.0051,+0.0210,+0.3909,+0.0600,+0.0000,+0.2891,+0.0327,+0.0180,+0.4023,+0.4148,+0.0086,+0.3089,+0.4409,+0.2447,+0.3935,+0.2498,+0.3367,+0.2879,-0.1879,+0.3637,+0.4318
Diana,-0.7788,-0.6260,-0.8716,-0.4774,-0.7841,-0.5782,-0.1125,-0.2984,-0.2471,-0.1387,-0.4468,-0.2216,-0.3086,+0.0162,-0.0957,-0.1738,-0.4409,+0.1137,-0.3657,-0.3196,-0.0657,+0.0386,-0.1356,-0.1027,+0.0300,-0.0189,-0.0934,-0.0926,+0.0914,+0.0957,-0.1658,-0.2891,+0.0000,-0.2130,-0.0910,+0.0660,+0.0580,+0.0489,+0.0802,+0.1035,+0.0291,+0.0577,+0.0092,-0.0267,+0.0801,+0.0042,+0.1480,+0.1091
Gwen,-0.5248,-0.5198,-0.5408,-0.4715,-0.6432,-0.4849,+0.0403,-0.4352,-0.2583,+0.0379,-0.4435,-0.1875,-0.3326,+0.3208,+0.0305,-0.3257,-0.6054,+0.2390,-0.3562,-0.3389,-0.1082,+0.0977,-0.6681,-0.1452,+0.0111,+0.1284,+0.0526,-0.0135,-0.0585,+0.2600,-0.2007,-0.0327,+0.2130,+0.0000,-0.2769,+0.2742,+0.2332,-0.1227,+0.2101,+0.3098,+0.0844,+0.1156,+0.1920,+0.1776,+0.2210,-0.0541,+0.2877,+0.2916
Lillia,-0.3385,-0.6318,-0.5676,+0.1287,-0.4024,-0.2664,+0.3149,-0.3804,+0.1619,+0.0626,+0.4065,+0.3524,+0.0301,+0.2320,+0.0437,+0.0297,+0.4967,+0.1068,-0.3475,+0.0912,+0.0061,+0.1294,+0.2051,+0.0452,+0.1968,+0.2848,+0.1299,+0.0638,+0.0112,+0.1748,-0.1936,-0.0180,+0.0910,+0.2769,+0.0000,+0.1323,+0.0495,+0.0887,+0.1590,+0.0878,+0.1576,+0.1208,+0.1729,+0.1740,+0.2718,-0.0270,+0.0610,+0.1387
Graves,-0.7234,-0.5258,-0.9378,-0.7060,-0.7088,-0.6086,-0.2588,-0.3220,-0.4348,-0.2160,-0.5465,-0.3179,-0.3833,-0.1099,-0.1553,-0.4015,-0.5109,-0.0600,-0.3784,-0.4816,-0.1655,-0.0582,-0.1913,-0.1300,-0.0143,-0.0391,-0.0184,-0.0814,-0.3441,-0.0243,-0.0874,-0.4023,-0.0660,-0.2742,-0.1323,+0.0000,+0.0070,-0.1982,-0.0455,+0.0610,+0.0413,-0.0132,+0.0094,+0.0083,-0.0672,-0.0931,+0.1040,+0.0794
Hecarim,-0.8290,-0.6373,-0.9347,-0.6855,-0.8505,-0.6081,-0.1868,-0.3783,-0.3734,-0.1759,-0.5447,-0.1141,-0.3980,-0.1391,-0.1858,-0.3817,-0.6082,-0.1041,-0.3295,-0.4259,-0.0544,-0.0652,-0.1604,-0.2130,+0.0102,-0.0500,-0.0622,-0.0650,-0.1209,+0.0838,-0.0464,-0.4148,-0.0580,-0.2332,-0.0495,-0.0070,+0.0000,-0.1880,+0.0252,-0.0195,+0.0253,+0.0630,-0.0114,+0.0286,+0.0109,+0.0381,+0.0471,+0.1280
Ivern,-0.5363,-0.6868,-0.6498,-0.3752,-0.4567,-0.3722,-0.0722,-0.3509,-0.2512,-0.0378,+0.3259,+0.2261,-0.1340,+0.1464,+0.0302,-0.0929,-0.1997,+0.0171,-0.1621,+0.3020,+0.1583,+0.1034,+0.0296,-0.0320,+0.0270,+0.2681,+0.0385,-0.0341,-0.1225,+0.1378,-0.0614,-0.0086,-0.0489,+0.1227,-0.0887,+0.1982,+0.1880,+0.0000,+0.0340,+0.2577,+0.1351,+0.1862,-0.0696,+0.1946,+0.2506,-0.0458,+0.1000,+0.2094
Nunu & Willump,-0.9137,-0.7867,-1.0422,-0.6786,-0.7739,-0.7011,-0.2811,-0.3660,-0.4001,-0.2272,-0.5286,-0.4003,-0.3921,-0.1098,-0.1954,-0.4578,-0.6097,-0.0605,-0.3636,-0.3544,+0.0181,-0.0890,-0.1849,-0.1034,-0.0620,-0.0429,-0.1223,-0.0382,-0.1520,+0.0339,-0.0927,-0.3089,-0.0802,-0.2101,-0.1590,+0.0455,-0.0252,-0.0340,+0.0000,+0.0486,+0.0712,+0.0485,-0.0394,+0.0270,+0.0775,-0.0490,+0.1403,+0.1442
Shyvana,-0.8090,-0.7384,-0.9114,-0.5775,-0.9059,-0.5597,-0.1868,-0.3335,-0.3113,-0.2059,-0.5359,-0.2746,-0.4154,-0.1795,-0.0647,-0.4215,-0.5670,-0.1115,-0.3230,-0.2981,-0.0944,-0.1004,-0.2452,-0.0999,-0.0423,-0.0489,+0.0167,-0.0887,-0.2008,+0.0782,-0.0631,-0.4409,-0.1035,-0.3098,-0.0878,-0.0610,+0.0195,-0.2577,-0.0486,+0.0000,-0.0546,+0.0536,-0.1084,-0.0529,-0.0704,-0.0256,+0.0423,+0.0484
Zac,-0.6848,-0.6005,-0.8408,-0.5100,-0.7392,-0.5810,-0.1780,-0.2274,-0.3843,-0.1494,-0.5007,-0.2235,-0.4243,-0.2286,-0.1731,-0.3045,-0.4010,-0.0799,-0.2043,-0.3568,-0.1214,-0.1003,-0.1246,-0.0921,+0.0606,-0.0307,-0.0679,-0.1333,-0.1229,+0.0456,-0.1548,-0.2447,-0.0291,-0.0844,-0.1576,-0.0413,-0.0253,-0.1351,-0.0712,+0.0546,+0.0000,+0.0439,+0.0995,+0.0543,+0.0783,-0.0659,+0.1041,+0.0393
Darius,-0.9557,-0.7426,-1.0203,-0.7090,-0.8814,-0.6892,-0.0634,-0.4224,-0.3557,-0.1512,-0.5029,-0.1399,-0.3654,-0.1170,-0.1605,-0.4291,-0.6212,-0.1408,-0.3150,-0.3713,+0.0383,-0.0366,-0.3359,-0.2557,-0.0966,-0.0806,-0.1326,-0.1179,-0.2303,+0.0560,-0.1214,-0.3935,-0.0577,-0.1156,-0.1208,+0.0132,-0.0630,-0.1862,-0.0485,-0.0536,-0.0439,+0.0000,-0.0738,-0.0564,-0.0317,-0.0846,+0.0014,+0.1221
Brand,-0.7320,-0.6517,-0.8334,-0.3864,-0.5540,-0.5755,-0.1818,-0.2625,-0.2892,-0.2014,+0.0093,-0.1478,-0.3013,-0.0376,-0.1230,-0.3354,-0.3069,-0.0362,-0.2264,-0.2953,+0.2415,+0.0094,-0.0785,-0.1765,+0.0347,-0.0286,+0.0605,-0.1079,-0.0752,+0.0653,-0.1265,-0.2498,-0.0092,-0.1920,-0.1729,-0.0094,+0.0114,+0.0696,+0.0394,+0.1084,-0.0995,+0.0738,+0.0000,+0.0746,+0.0590,-0.0542,+0.0200,+0.1417
Karthus,-0.8972,-0.8154,-0.9934,-0.6219,-0.8864,-0.6399,-0.1512,-0.4310,-0.4260,-0.2106,-0.4618,-0.2646,-0.3908,-0.0303,-0.2172,-0.3743,-0.4887,-0.0580,-0.3840,-0.3091,-0.0106,-0.0510,-0.2378,-0.1492,-0.0241,+0.1060,-0.1233,-0.0379,+0.1650,+0.0193,-0.1362,-0.3367,+0.0267,-0.1776,-0.1740,-0.0083,-0.0286,-0.1946,-0.0270,+0.0529,-0.0543,+0.0564,-0.0746,+0.0000,+0.0538,-0.1082,+0.0311,+0.0905
Morgana,-1.0306,-0.8628,-0.7078,-0.6557,-0.9208,-0.7910,-0.2461,-0.5352,-0.4498,-0.2339,-0.5916,-0.3003,-0.4457,-0.0598,-0.1371,-0.5107,-0.5647,-0.0720,-0.2600,-0.4509,+0.0035,+0.0061,-0.3200,-0.2248,-0.0196,-0.0196,+0.0315,-0.1773,-0.3157,+0.0387,-0.0762,-0.2879,-0.0801,-0.2210,-0.2718,+0.0672,-0.0109,-0.2506,-0.0775,+0.0704,-0.0783,+0.0317,-0.0590,-0.0538,+0.0000,-0.0011,+0.0693,+0.1240
Zed,-0.6614,-0.4119,-0.7415,-0.5201,-0.6172,-0.5121,-0.2365,-0.3302,-0.2441,-0.1750,-0.3806,+0.4510,-0.3623,-0.0043,-0.0925,-0.1034,-0.4248,-0.0479,-0.2998,-0.1947,+0.0226,+0.0869,-0.0449,-0.1018,+0.1402,-0.0495,-0.1034,-0.0057,-0.0240,-0.1103,-0.0220,+0.1879,-0.0042,+0.0541,+0.0270,+0.0931,-0.0381,+0.0458,+0.0490,+0.0256,+0.0659,+0.0846,+0.0542,+0.1082,+0.0011,+0.0000,+0.0046,+0.0853
Amumu,-0.9554,-0.7214,-1.0840,-0.5080,-0.9156,-0.7058,-0.1689,-0.3357,-0.3495,-0.3568,-0.3344,-0.2879,-0.4066,-0.2326,-0.2714,-0.4573,-0.5845,-0.1756,-0.2987,-0.1707,-0.0876,-0.0034,-0.2896,-0.1104,-0.1153,-0.0379,-0.1991,-0.1170,-0.1117,-0.0367,-0.1294,-0.3637,-0.1480,-0.2877,-0.0610,-0.1040,-0.0471,-0.1000,-0.1403,-0.0423,-0.1041,-0.0014,-0.0200,-0.0311,-0.0693,-0.0046,+0.0000,+0.0871
Bel'Veth,-0.8477,-0.6460,-1.0145,-0.6728,-0.9255,-0.6494,-0.1877,-0.3755,-0.3277,-0.2820,-0.5500,-0.1906,-0.5191,-0.2052,-0.2940,-0.3942,-0.4915,-0.1748,-0.3294,-0.3934,-0.1069,-0.1091,-0.1687,-0.0899,-0.0749,-0.1341,-0.1428,-0.1655,-0.2032,-0.0522,-0.0933,-0.4318,-0.1091,-0.2916,-0.1387,-0.0794,-0.1280,-0.2094,-0.1442,-0.0484,-0.0393,-0.1221,-0.1417,-0.0905,-0.1240,-0.0853,-0.0871,+0.0000
