top\top,Sion,K'Sante,Gnar,Rumble,Renekton,Ambessa,Jayce,Gwen,Ornn,Zaahen,Yorick,Jax,Aatrox,Vayne,Aurora,Kennen,Rek'Sai,Gragas,Varus,Anivia,Olaf,Malphite,Shen,Camille,Galio,Fiora,Irelia,Poppy,Volibear,Dr. Mundo,Cho'Gath,Mordekaiser,Sylas,Akali,Yasuo,Darius,Kled,Gangplank,Yone,Ryze,Garen,Sett,Urgot,Udyr,Vladimir,Maokai,Nidalee,Pantheon,Sejuani,Wukong
Sion,+0.0000,-0.4499,-0.4445,+1.2342,+0.3464,-0.4522,+1.2854,-0.8110,-0.0404,+0.2094,-0.1954,+0.2954,-1.2214,+0.0836,+0.4581,+0.5795,+0.0126,+0.5047,+0.5115,+0.6842,-0.1188,+0.5346,-0.0835,-0.3091,+0.3399,-0.1474,+0.4032,+0.2430,+0.2311,-0.2357,-1.0239,-0.2498,+0.5280,+0.4513,+0.5118,+0.1987,+0.1150,+0.3987,+0.2174,+0.4609,+0.3785,-0.0437,+0.5470,+0.2678,+0.2581,+0.5057,+0.4852,+0.7189,+0.3859,+0.5298
K'Sante,+0.4499,+0.0000,-1.5711,+1.8694,+0.7735,-0.0380,+0.7873,-0.3569,+0.1658,+0.4865,+0.0107,+0.1790,-0.4279,+0.1306,+0.4549,+0.3026,+0.3371,+0.4003,+0.3218,+0.6696,-0.1390,+0.3543,-0.0169,-0.3415,+0.6056,-0.1664,+0.5354,-0.3102,+0.3292,+0.1311,-0.1183,+0.1604,+0.5441,+0.5194,+0.5307,+0.3263,+0.3935,+0.3603,+0.2333,+0.4688,-0.0305,+0.1885,+0.5049,+0.2215,+0.3885,+0.3951,+0.4242,+0.6211,+0.4215,+0.4191
Gnar,+0.4445,+1.5711,+0.0000,+0.1612,+1.0372,-0.0666,-0.1467,+0.6902,+0.5182,+0.3332,-0.1427,-0.0968,+0.2040,-0.1191,+0.3444,-0.4180,+0.2051,+0.2443,+0.3848,+0.3717,+0.1062,-0.3580,+0.2574,-0.2778,+0.5073,+0.1033,-0.2445,+0.1143,+0.3191,+0.3937,+0.3625,+0.2596,-0.5727,-0.0139,-0.1851,+0.1661,+0.1376,-0.0456,+0.1927,+0.3909,+0.2253,+0.2558,+0.1137,+0.2536,+0.1481,+0.2755,+0.0960,+0.4196,+0.1828,+0.1747
Rumble,-1.2342,-1.8694,-0.1612,+0.0000,-0.1362,-1.1425,+0.0444,-0.1154,-2.8430,+0.7624,-0.2030,+0.1904,-0.7448,+0.8797,-1.0233,+0.4230,+0.7012,+0.1062,+0.1500,+0.5214,+0.2869,+0.6523,+0.5504,+0.0304,-2.8945,+0.7239,+0.3457,+0.3408,+0.2758,+0.3328,+0.4660,+0.4819,+0.2516,+0.1354,+0.8212,+0.6359,+0.6337,+0.6864,+0.1343,+0.0071,+0.7176,+0.6316,+0.8612,+0.4061,+0.6419,+0.3812,+0.3809,+0.3677,+0.1730,+0.2671
Renekton,-0.3464,-0.7735,-1.0372,+0.1362,+0.0000,+1.7493,-0.1815,+0.2195,-1.1194,+0.2075,+0.7356,-0.4639,-0.0963,+0.1829,+0.3433,-0.1430,+0.4046,-0.4984,+0.3794,+0.4649,-0.0798,+0.3442,+0.1108,+0.6719,+0.2541,+0.4533,+0.6248,+0.0892,+0.1381,+0.1226,+0.2820,+0.2788,+0.4830,+0.5319,+0.6535,+0.2231,+0.1945,+0.0571,+0.5647,+0.3647,+0.3117,+0.4480,+0.2402,+0.2840,+0.4791,+0.5336,+0.2397,+0.4755,+0.3518,+0.3697
Ambessa,+0.4522,+0.0380,+0.0666,+1.1425,-1.7493,+0.0000,+0.5121,+0.7243,+0.5005,+0.3648,-0.1647,-0.5416,-0.7752,+0.5578,+0.2236,+0.3152,+0.3710,+0.4461,+0.6209,+0.7824,+0.2337,+0.4551,+0.1495,-0.8369,+0.4996,+0.4733,+0.4845,-0.4428,-0.1487,+0.4883,+0.3720,+0.4559,+0.5316,+0.4636,+0.6690,+0.3355,+0.5898,+0.5780,+0.3887,+0.4982,+0.5942,+0.3202,+0.6888,+0.4506,+0.6432,+0.3407,+0.6007,+0.4637,+0.3014,+0.2804
Jayce,-1.2854,-0.7873,+0.1467,-0.0444,+0.1815,-0.5121,+0.0000,+0.8252,-0.8254,+0.6754,-0.8583,+0.0317,-0.0138,+0.4970,-0.0996,+0.2464,+0.5406,-0.4733,+0.1885,+0.5371,+0.4202,-0.1801,+0.5368,+0.1227,+0.0027,+0.5449,+0.0912,+0.2984,+0.2818,+0.1052,+0.2548,+0.5045,+0.2872,+0.0899,+0.4095,+0.5392,+0.4823,+0.3432,+0.1692,+0.2001,+0.4971,+0.4944,+0.5881,+0.3594,+0.4793,+0.1841,+0.1576,+0.1092,+0.1626,+0.0466
Gwen,+0.8110,+0.3569,-0.6902,+0.1154,-0.2195,-0.7243,-0.8252,+0.0000,+0.4771,+0.4607,+0.3286,-1.5139,+0.0842,+0.3470,-0.1273,-0.3383,+0.2364,-0.2386,+0.0428,+0.6656,+0.0095,+0.3378,+0.1951,+0.1203,-0.1294,-0.1958,+0.2164,+0.0909,+0.1574,+0.2597,+0.2310,+0.2968,+0.1416,-0.5157,+0.3545,+0.0098,+0.2410,+0.1912,+0.0345,-0.0356,+0.2055,+0.0994,+0.4056,+0.2384,-0.2962,+0.1220,-0.0041,-0.0541,-0.0715,+0.0742
Ornn,+0.0404,-0.1658,-0.5182,+2.8430,+1.1194,-0.5005,+0.8254,-0.4771,+0.0000,+0.1696,-0.1685,+0.0810,-0.4435,+0.0882,+0.2059,+0.2318,+0.2330,+0.3974,+0.4012,+0.5489,-0.2620,+0.3438,-0.2275,-0.4395,+0.2463,-0.0914,+0.3859,+0.0417,+0.1205,+0.0034,-0.1096,-0.0344,-0.0576,+0.2015,+0.1949,+0.1444,+0.2102,+0.1603,+0.1377,+0.3162,+0.2054,+0.0411,+0.3559,+0.2656,+0.1986,+0.2659,+0.3862,+0.5410,+0.2171,+0.2363
Zaahen,-0.2094,-0.4865,-0.3332,-0.7624,-0.2075,-0.3648,-0.6754,-0.4607,-0.1696,+0.0000,-0.1914,-0.6467,-0.1072,-0.0540,-0.6441,-0.0594,-0.0005,-0.0994,-0.6288,+0.0945,-0.0153,+0.0179,+0.0988,+0.0208,-0.3007,-0.0012,-0.1193,-0.0475,-0.0397,+0.0104,-0.0004,-0.0672,-0.0390,-0.2762,+0.0718,+0.0743,+0.0737,+0.0947,-0.3811,-0.3384,+0.1229,+0.1122,+0.0624,-0.0385,-0.0735,-0.4569,-0.1824,-0.5050,-0.4171,-0.4116
Yorick,+0.1954,-0.0107,+0.1427,+0.2030,-0.7356,+0.1647,+0.8583,-0.3286,+0.1685,+0.1914,+0.0000,-1.0370,-0.1718,+0.3398,+0.1303,+0.2283,+0.1252,+0.2992,+0.1048,+0.3393,+0.0906,+0.2533,-0.0937,-0.1138,+0.1675,+0.0528,-0.0579,+0.1736,-0.0618,+0.0796,-0.7393,-0.2638,+0.2498,-0.0791,+0.2528,+0.2472,+0.1221,+0.3245,-0.0034,+0.0924,+0.2672,-0.0064,+0.3260,+0.1356,+0.2339,+0.0461,+0.0443,+0.1390,+0.0378,+0.1515
Jax,-0.2954,-0.1790,+0.0968,-0.1904,+0.4639,+0.5416,-0.0317,+1.5139,-0.0810,+0.6467,+1.0370,+0.0000,+0.1035,+0.3295,+0.2305,-0.3319,+0.3868,-0.8749,+0.3458,+0.2651,+0.4111,+0.0611,+0.0543,+0.3626,+0.2559,+0.3453,+0.2687,-0.2315,+0.2882,+0.0715,+0.2684,+0.3989,+0.2983,+0.1567,+0.3771,+0.4063,+0.3496,-0.2561,+0.5339,+0.2173,-0.0211,+0.3531,+0.1943,+0.1629,+0.1550,+0.1367,+0.2328,+0.2382,+0.2999,+0.3065
Aatrox,+1.2214,+0.4279,-0.2040,+0.7448,+0.0963,+0.7752,+0.0138,-0.0842,+0.4435,+0.1072,+0.1718,-0.1035,+0.0000,+0.1443,+0.1600,-0.1675,+0.2018,+0.4607,+0.1337,+0.3061,+0.0929,+0.3206,+0.1639,-0.1740,+0.6626,-0.1317,+0.1768,+0.1628,+0.1361,+0.4356,+0.3058,+0.1576,+0.2789,+0.2073,+0.2478,+0.0264,+0.1330,+0.2525,-0.0980,+0.1440,+0.2048,+0.0750,+0.2124,+0.4773,+0.2148,+0.3089,+0.0634,+0.3810,+0.1408,+0.1758
Vayne,-0.0836,-0.1306,+0.1191,-0.8797,-0.1829,-0.5578,-0.4970,-0.3470,-0.0882,+0.0540,-0.3398,-0.3295,-0.1443,+0.0000,-0.6086,-0.0957,-0.0585,-0.1786,-0.7146,-0.1254,+0.0122,-0.1452,+0.0961,-0.1507,-0.2940,-0.0247,-0.1889,-0.0097,-0.1113,-0.0102,-0.1458,-0.1088,-0.0943,-0.3377,-0.0729,-0.0362,-0.0349,-0.0733,-0.3749,-0.4451,-0.0962,-0.0478,-0.0489,-0.2003,-0.1286,-0.2831,-0.2506,-0.5419,-0.2790,-0.4666
Aurora,-0.4581,-0.4549,-0.3444,+1.0233,-0.3433,-0.2236,+0.0996,+0.1273,-0.2059,+0.6441,-0.1303,-0.2305,-0.1600,+0.6086,+0.0000,+0.2347,+0.4644,-0.0444,+0.1213,+0.8054,+0.1630,+0.4140,+0.2824,-0.0354,-0.1109,+0.4094,+0.3185,+0.0620,+0.2247,+0.1802,+0.4042,+0.4314,+0.2851,+0.2634,+0.4493,+0.4733,+0.4915,+0.4852,+0.4444,+0.1433,+0.4675,+0.4861,+0.6439,+0.4866,+0.3445,+0.1587,+0.4664,+0.3024,+0.0713,+0.2099
Kennen,-0.5795,-0.3026,+0.4180,-0.4230,+0.1430,-0.3152,-0.2464,+0.3383,-0.2318,+0.0594,-0.2283,+0.3319,+0.1675,+0.0957,-0.2347,+0.0000,+0.0071,-0.1429,-0.2639,-0.0421,+0.0289,-0.0658,+0.2430,+0.1957,-0.2387,+0.0888,-0.0656,+0.0429,-0.0194,-0.1652,-0.0276,+0.0252,-0.0970,-0.0712,+0.0335,+0.0208,+0.0126,+0.0022,+0.0278,-0.0915,-0.0347,+0.1233,+0.0227,-0.0735,+0.0078,-0.3066,+0.0392,-0.1318,-0.0514,-0.2300
Rek'Sai,-0.0126,-0.3371,-0.2051,-0.7012,-0.4046,-0.3710,-0.5406,-0.2364,-0.2330,+0.0005,-0.1252,-0.3868,-0.2018,+0.0585,-0.4644,-0.0071,+0.0000,-0.1829,-0.6621,+0.0511,-0.0500,+0.0430,+0.0159,-0.0907,-0.3746,-0.0799,-0.0808,-0.0211,-0.0603,-0.0681,-0.0877,+0.0260,-0.1086,-0.3098,+0.0578,+0.0207,+0.0370,+0.0207,-0.4014,-0.2475,+0.0399,-0.0697,+0.0564,-0.0518,-0.1239,-0.3434,-0.2173,-0.4323,-0.3432,-0.4861
Gragas,-0.5047,-0.4003,-0.2443,-0.1062,+0.4984,-0.4461,+0.4733,+0.2386,-0.3974,+0.0994,-0.2992,+0.8749,-0.4607,+0.1786,+0.0444,+0.1429,+0.1829,+0.0000,-0.0447,+0.0399,+0.0092,+0.1443,+0.1781,+0.0279,-0.1373,+0.1603,+0.1664,+0.1340,+0.1527,-0.1368,-0.1752,-0.0685,-0.0528,+0.0563,+0.1726,+0.1829,+0.0916,+0.1612,-0.0513,-0.0203,+0.2133,+0.0255,+0.1541,+0.1102,+0.0096,-0.0603,+0.0922,+0.1282,+0.1241,-0.0120
Varus,-0.5115,-0.3218,-0.3848,-0.1500,-0.3794,-0.6209,-0.1885,-0.0428,-0.4012,+0.6288,-0.1048,-0.3458,-0.1337,+0.7146,-0.1213,+0.2639,+0.6621,+0.0447,+0.0000,+0.7692,+0.1213,+0.3517,+0.3512,+0.1197,-0.1211,+0.5543,+0.3219,+0.3666,+0.3059,+0.3179,+0.3553,+0.4502,+0.1674,+0.0877,+0.4784,+0.5890,+0.5445,+0.4624,+0.1506,+0.1575,+0.5390,+0.5199,+0.6260,+0.4481,+0.5042,+0.2043,+0.2984,+0.1454,+0.0840,+0.0377
Anivia,-0.6842,-0.6696,-0.3717,-0.5214,-0.4649,-0.7824,-0.5371,-0.6656,-0.5489,-0.0945,-0.3393,-0.2651,-0.3061,+0.1254,-0.8054,+0.0421,-0.0511,-0.0399,-0.7692,+0.0000,-0.0419,+0.0950,+0.1351,-0.0564,-0.4945,+0.0673,-0.0392,+0.0730,-0.0197,+0.0014,-0.0029,-0.0659,+0.0589,-0.3629,+0.0255,+0.1782,-0.0459,+0.1373,-0.5140,-0.0722,+0.1439,+0.0264,+0.0712,-0.0452,+0.0331,-0.4021,-0.1636,-0.5783,-0.5208,-0.4287
Olaf,+0.1188,+0.1390,-0.1062,-0.2869,+0.0798,-0.2337,-0.4202,-0.0095,+0.2620,+0.0153,-0.0906,-0.4111,-0.0929,-0.0122,-0.1630,-0.0289,+0.0500,-0.0092,-0.1213,+0.0419,+0.0000,-0.0153,+0.1375,-0.0830,-0.0199,-0.0201,-0.0490,+0.1917,-0.0267,-0.0281,+0.1374,+0.0305,-0.0584,-0.2211,+0.0705,+0.1515,+0.0525,+0.0649,-0.1062,-0.2534,+0.0040,+0.0914,+0.1116,+0.0269,-0.0387,-0.0622,-0.0417,-0.1419,-0.0729,-0.1343
Malphite,-0.5346,-0.3543,+0.3580,-0.6523,-0.3442,-0.4551,+0.1801,-0.3378,-0.3438,-0.0179,-0.2533,-0.0611,-0.3206,+0.1452,-0.4140,+0.0658,-0.0430,-0.1443,-0.3517,-0.0950,+0.0153,+0.0000,+0.0772,-0.1059,-0.3777,+0.1951,-0.0378,+0.0604,-0.0773,-0.2510,-0.0495,-0.0413,-0.1120,-0.1598,+0.0343,+0.1564,+0.0352,+0.0947,-0.1367,-0.3321,+0.1156,+0.0676,+0.0785,-0.0160,-0.0500,-0.2015,-0.0754,-0.2343,-0.1691,-0.2814
Shen,+0.0835,+0.0169,-0.2574,-0.5504,-0.1108,-0.1495,-0.5368,-0.1951,+0.2275,-0.0988,+0.0937,-0.0543,-0.1639,-0.0961,-0.2824,-0.2430,-0.0159,-0.1781,-0.3512,-0.1351,-0.1375,-0.0772,+0.0000,+0.1585,-0.1482,-0.0451,-0.0866,-0.0705,-0.0661,-0.1302,+0.0114,-0.0593,-0.1330,-0.1660,-0.0908,-0.0916,+0.0364,-0.1354,-0.1037,-0.2928,-0.0157,-0.0514,-0.0515,-0.1324,-0.0681,-0.2604,-0.1187,-0.1602,-0.1120,-0.2788
Camille,+0.3091,+0.3415,+0.2778,-0.0304,-0.6719,+0.8369,-0.1227,-0.1203,+0.4395,-0.0208,+0.1138,-0.3626,+0.1740,+0.1507,+0.0354,-0.1957,+0.0907,-0.0279,-0.1197,+0.0564,+0.0830,+0.1059,-0.1585,+0.0000,+0.0939,-0.0301,+0.1682,-0.2447,-0.0469,+0.1857,+0.1325,+0.0792,+0.1238,-0.0382,+0.1147,-0.0502,+0.2694,+0.0758,-0.1034,-0.0268,+0.1022,+0.1268,+0.0807,+0.1689,+0.1285,+0.0493,+0.1779,+0.0274,-0.0742,-0.2174
Galio,-0.3399,-0.6056,-0.5073,+2.8945,-0.2541,-0.4996,-0.0027,+0.1294,-0.2463,+0.3007,-0.1675,-0.2559,-0.6626,+0.2940,+0.1109,+0.2387,+0.3746,+0.1373,+0.1211,+0.4945,+0.0199,+0.3777,+0.1482,-0.0939,+0.0000,+0.2085,+0.3367,-0.1797,+0.1920,+0.0345,+0.1527,+0.1510,+0.2849,+0.4343,+0.5006,+0.1560,+0.3964,+0.3929,-0.0002,+0.2515,+0.3416,+0.1582,+0.3983,+0.3607,+0.4106,+0.1866,+0.3753,+0.1854,+0.0161,+0.0950
Fiora,+0.1474,+0.1664,-0.1033,-0.7239,-0.4533,-0.4733,-0.5449,+0.1958,+0.0914,+0.0012,-0.0528,-0.3453,+0.1317,+0.0247,-0.4094,-0.0888,+0.0799,-0.1603,-0.5543,-0.0673,+0.0201,-0.1951,+0.0451,+0.0301,-0.2085,+0.0000,-0.1339,-0.0792,-0.0399,+0.0839,+0.0204,+0.0029,-0.1604,-0.3037,-0.0635,-0.1327,-0.0445,-0.0316,-0.1805,-0.2667,-0.0857,-0.0332,+0.0008,-0.1842,-0.0613,-0.0885,-0.1451,-0.3568,-0.2648,-0.3118
Irelia,-0.4032,-0.5354,+0.2445,-0.3457,-0.6248,-0.4845,-0.0912,-0.2164,-0.3859,+0.1193,+0.0579,-0.2687,-0.1768,+0.1889,-0.3185,+0.0656,+0.0808,-0.1664,-0.3219,+0.0392,+0.0490,+0.0378,+0.0866,-0.1682,-0.3367,+0.1339,+0.0000,-0.0147,-0.1329,-0.0411,-0.0548,+0.0387,+0.0676,-0.1746,+0.1133,-0.0007,+0.0830,+0.0610,-0.1278,-0.1381,+0.0510,-0.0086,+0.1406,-0.0085,-0.0099,-0.1212,-0.0419,-0.4342,-0.2437,-0.2812
Poppy,-0.2430,+0.3102,-0.1143,-0.3408,-0.0892,+0.4428,-0.2984,-0.0909,-0.0417,+0.0475,-0.1736,+0.2315,-0.1628,+0.0097,-0.0620,-0.0429,+0.0211,-0.1340,-0.3666,-0.0730,-0.1917,-0.0604,+0.0705,+0.2447,+0.1797,+0.0792,+0.0147,+0.0000,+0.0133,-0.1965,-0.2377,-0.1322,+0.2016,+0.2459,+0.1238,-0.1045,+0.0094,-0.1544,+0.0653,-0.3097,-0.0385,-0.1215,-0.0114,-0.0693,-0.0534,-0.2086,-0.1418,+0.0017,-0.0316,+0.0228
Volibear,-0.2311,-0.3292,-0.3191,-0.2758,-0.1381,+0.1487,-0.2818,-0.1574,-0.1205,+0.0397,+0.0618,-0.2882,-0.1361,+0.1113,-0.2247,+0.0194,+0.0603,-0.1527,-0.3059,+0.0197,+0.0267,+0.0773,+0.0661,+0.0469,-0.1920,+0.0399,+0.1329,-0.0133,+0.0000,+0.0105,+0.0504,-0.0098,+0.0697,-0.0578,+0.1028,+0.0978,+0.0462,+0.1470,-0.0609,-0.1413,+0.0277,+0.0647,+0.0657,+0.0203,+0.0675,-0.0019,-0.0384,-0.1696,-0.1413,-0.1026
Dr. Mundo,+0.2357,-0.1311,-0.3937,-0.3328,-0.1226,-0.4883,-0.1052,-0.2597,-0.0034,-0.0104,-0.0796,-0.0715,-0.4356,+0.0102,-0.1802,+0.1652,+0.0681,+0.1368,-0.3179,-0.0014,+0.0281,+0.2510,+0.1302,-0.1857,-0.0345,-0.0839,+0.0411,+0.1965,-0.0105,+0.0000,-0.0196,+0.0054,-0.0394,-0.1011,+0.1193,+0.0396,+0.0903,+0.1629,-0.2571,-0.1106,+0.0869,+0.0582,+0.2256,+0.1428,+0.1786,+0.1065,-0.0285,-0.1194,+0.0768,+0.0015
Cho'Gath,+1.0239,+0.1183,-0.3625,-0.4660,-0.2820,-0.3720,-0.2548,-0.2310,+0.1096,+0.0004,+0.7393,-0.2684,-0.3058,+0.1458,-0.4042,+0.0276,+0.0877,+0.1752,-0.3553,+0.0029,-0.1374,+0.0495,-0.0114,-0.1325,-0.1527,-0.0204,+0.0548,+0.2377,-0.0504,+0.0196,+0.0000,-0.0054,-0.0507,-0.1143,+0.1097,+0.0169,+0.1071,+0.1441,+0.0006,-0.1982,+0.0203,-0.0403,+0.0949,-0.0045,-0.0254,-0.0223,-0.1981,-0.1658,-0.0343,-0.2304
Mordekaiser,+0.2498,-0.1604,-0.2596,-0.4819,-0.2788,-0.4559,-0.5045,-0.2968,+0.0344,+0.0672,+0.2638,-0.3989,-0.1576,+0.1088,-0.4314,-0.0252,-0.0260,+0.0685,-0.4502,+0.0659,-0.0305,+0.0413,+0.0593,-0.0792,-0.1510,-0.0029,-0.0387,+0.1322,+0.0098,-0.0054,+0.0054,+0.0000,+0.0069,-0.1277,+0.1205,-0.0182,+0.0701,+0.1427,-0.1887,-0.2232,-0.0216,+0.0185,+0.1462,-0.0186,+0.0309,-0.1015,-0.1563,-0.3180,-0.1957,-0.2213
Sylas,-0.5280,-0.5441,+0.5727,-0.2516,-0.4830,-0.5316,-0.2872,-0.1416,+0.0576,+0.0390,-0.2498,-0.2983,-0.2789,+0.0943,-0.2851,+0.0970,+0.1086,+0.0528,-0.1674,-0.0589,+0.0584,+0.1120,+0.1330,-0.1238,-0.2849,+0.1604,-0.0676,-0.2016,-0.0697,+0.0394,+0.0507,-0.0069,+0.0000,-0.2039,+0.0778,+0.1400,+0.0903,+0.1755,+0.0022,-0.3549,+0.0667,-0.0252,+0.1315,-0.0620,-0.0211,+0.1358,-0.1088,-0.3586,-0.0993,-0.2721
Akali,-0.4513,-0.5194,+0.0139,-0.1354,-0.5319,-0.4636,-0.0899,+0.5157,-0.2015,+0.2762,+0.0791,-0.1567,-0.2073,+0.3377,-0.2634,+0.0712,+0.3098,-0.0563,-0.0877,+0.3629,+0.2211,+0.1598,+0.1660,+0.0382,-0.4343,+0.3037,+0.1746,-0.2459,+0.0578,+0.1011,+0.1143,+0.1277,+0.2039,+0.0000,+0.3590,+0.2186,+0.2466,+0.3122,+0.2244,-0.1499,+0.2100,+0.2455,+0.2707,+0.1749,+0.1748,+0.0179,+0.1295,-0.0637,+0.1000,-0.0752
Yasuo,-0.5118,-0.5307,+0.1851,-0.8212,-0.6535,-0.6690,-0.4095,-0.3545,-0.1949,-0.0718,-0.2528,-0.3771,-0.2478,+0.0729,-0.4493,-0.0335,-0.0578,-0.1726,-0.4784,-0.0255,-0.0705,-0.0343,+0.0908,-0.1147,-0.5006,+0.0635,-0.1133,-0.1238,-0.1028,-0.1193,-0.1097,-0.1205,-0.0778,-0.3590,+0.0000,+0.0510,-0.0533,+0.0410,-0.2965,-0.3922,+0.0177,-0.0434,+0.0377,-0.1836,-0.1377,-0.2397,-0.0818,-0.5950,-0.3791,-0.4786
Darius,-0.1987,-0.3263,-0.1661,-0.6359,-0.2231,-0.3355,-0.5392,-0.0098,-0.1444,-0.0743,-0.2472,-0.4063,-0.0264,+0.0362,-0.4733,-0.0208,-0.0207,-0.1829,-0.5890,-0.1782,-0.1515,-0.1564,+0.0916,+0.0502,-0.1560,+0.1327,+0.0007,+0.1045,-0.0978,-0.0396,-0.0169,+0.0182,-0.1400,-0.2186,-0.0510,+0.0000,-0.0002,+0.0888,-0.3243,-0.4070,-0.0117,-0.0266,-0.0120,-0.1245,-0.0117,-0.2125,-0.2445,-0.5182,-0.3782,-0.4035
Kled,-0.1150,-0.3935,-0.1376,-0.6337,-0.1945,-0.5898,-0.4823,-0.2410,-0.2102,-0.0737,-0.1221,-0.3496,-0.1330,+0.0349,-0.4915,-0.0126,-0.0370,-0.0916,-0.5445,+0.0459,-0.0525,-0.0352,-0.0364,-0.2694,-0.3964,+0.0445,-0.0830,-0.0094,-0.0462,-0.0903,-0.1071,-0.0701,-0.0903,-0.2466,+0.0533,+0.0002,+0.0000,+0.0987,-0.2976,-0.3589,-0.0140,-0.1250,+0.0798,-0.1088,-0.1356,-0.3366,-0.1869,-0.5399,-0.3244,-0.3983
Gangplank,-0.3987,-0.3603,+0.0456,-0.6864,-0.0571,-0.5780,-0.3432,-0.1912,-0.1603,-0.0947,-0.3245,+0.2561,-0.2525,+0.0733,-0.4852,-0.0022,-0.0207,-0.1612,-0.4624,-0.1373,-0.0649,-0.0947,+0.1354,-0.0758,-0.3929,+0.0316,-0.0610,+0.1544,-0.1470,-0.1629,-0.1441,-0.1427,-0.1755,-0.3122,-0.0410,-0.0888,-0.0987,+0.0000,-0.3221,-0.3602,-0.0771,-0.0278,+0.0033,-0.1558,-0.0556,-0.2368,-0.0805,-0.4738,-0.2454,-0.4040
Yone,-0.2174,-0.2333,-0.1927,-0.1343,-0.5647,-0.3887,-0.1692,-0.0345,-0.1377,+0.3811,+0.0034,-0.5339,+0.0980,+0.3749,-0.4444,-0.0278,+0.4014,+0.0513,-0.1506,+0.5140,+0.1062,+0.1367,+0.1037,+0.1034,+0.0002,+0.1805,+0.1278,-0.0653,+0.0609,+0.2571,-0.0006,+0.1887,-0.0022,-0.2244,+0.2965,+0.3243,+0.2976,+0.3221,+0.0000,+0.0613,+0.3182,+0.2451,+0.2937,+0.3721,+0.1176,-0.0236,+0.0693,-0.1888,-0.0272,-0.0969
Ryze,-0.4609,-0.4688,-0.3909,-0.0071,-0.3647,-0.4982,-0.2001,+0.0356,-0.3162,+0.3384,-0.0924,-0.2173,-0.1440,+0.4451,-0.1433,+0.0915,+0.2475,+0.0203,-0.1575,+0.0722,+0.2534,+0.3321,+0.2928,+0.0268,-0.2515,+0.2667,+0.1381,+0.3097,+0.1413,+0.1106,+0.1982,+0.2232,+0.3549,+0.1499,+0.3922,+0.4070,+0.3589,+0.3602,-0.0613,+0.0000,+0.4626,+0.2968,+0.5737,+0.4600,+0.4065,+0.1394,+0.3037,-0.0065,-0.0453,-0.0659
Garen,-0.3785,+0.0305,-0.2253,-0.7176,-0.3117,-0.5942,-0.4971,-0.2055,-0.2054,-0.1229,-0.2672,+0.0211,-0.2048,+0.0962,-0.4675,+0.0347,-0.0399,-0.2133,-0.5390,-0.1439,-0.0040,-0.1156,+0.0157,-0.1022,-0.3416,+0.0857,-0.0510,+0.0385,-0.0277,-0.0869,-0.0203,+0.0216,-0.0667,-0.2100,-0.0177,+0.0117,+0.0140,+0.0771,-0.3182,-0.4626,+0.0000,+0.0652,+0.0397,-0.0666,-0.0448,-0.2507,-0.1083,-0.5472,-0.2419,-0.3314
Sett,+0.0437,-0.1885,-0.2558,-0.6316,-0.4480,-0.3202,-0.4944,-0.0994,-0.0411,-0.1122,+0.0064,-0.3531,-0.0750,+0.0478,-0.4861,-0.1233,+0.0697,-0.0255,-0.5199,-0.0264,-0.0914,-0.0676,+0.0514,-0.1268,-0.1582,+0.0332,+0.0086,+0.1215,-0.0647,-0.0582,+0.0403,-0.0185,+0.0252,-0.2455,+0.0434,+0.0266,+0.1250,+0.0278,-0.2451,-0.2968,-0.0652,+0.0000,+0.0504,-0.0409,-0.0416,-0.1519,-0.0895,-0.4362,-0.2368,-0.3065
Urgot,-0.5470,-0.5049,-0.1137,-0.8612,-0.2402,-0.6888,-0.5881,-0.4056,-0.3559,-0.0624,-0.3260,-0.1943,-0.2124,+0.0489,-0.6439,-0.0227,-0.0564,-0.1541,-0.6260,-0.0712,-0.1116,-0.0785,+0.0515,-0.0807,-0.3983,-0.0008,-0.1406,+0.0114,-0.0657,-0.2256,-0.0949,-0.1462,-0.1315,-0.2707,-0.0377,+0.0120,-0.0798,-0.0033,-0.2937,-0.5737,-0.0397,-0.0504,+0.0000,-0.1635,-0.1507,-0.3669,-0.2381,-0.6149,-0.4059,-0.4927
Udyr,-0.2678,-0.2215,-0.2536,-0.4061,-0.2840,-0.4506,-0.3594,-0.2384,-0.2656,+0.0385,-0.1356,-0.1629,-0.4773,+0.2003,-0.4866,+0.0735,+0.0518,-0.1102,-0.4481,+0.0452,-0.0269,+0.0160,+0.1324,-0.1689,-0.3607,+0.1842,+0.0085,+0.0693,-0.0203,-0.1428,+0.0045,+0.0186,+0.0620,-0.1749,+0.1836,+0.1245,+0.1088,+0.1558,-0.3721,-0.4600,+0.0666,+0.0409,+0.1635,+0.0000,+0.0329,-0.1537,-0.0610,-0.3758,-0.1904,-0.3543
Vladimir,-0.2581,-0.3885,-0.1481,-0.6419,-0.4791,-0.6432,-0.4793,+0.2962,-0.1986,+0.0735,-0.2339,-0.1550,-0.2148,+0.1286,-0.3445,-0.0078,+0.1239,-0.0096,-0.5042,-0.0331,+0.0387,+0.0500,+0.0681,-0.1285,-0.4106,+0.0613,+0.0099,+0.0534,-0.0675,-0.1786,+0.0254,-0.0309,+0.0211,-0.1748,+0.1377,+0.0117,+0.1356,+0.0556,-0.1176,-0.4065,+0.0448,+0.0416,+0.1507,-0.0329,+0.0000,-0.2198,-0.0094,-0.3924,-0.2050,-0.3683
Maokai,-0.5057,-0.3951,-0.2755,-0.3812,-0.5336,-0.3407,-0.1841,-0.1220,-0.2659,+0.4569,-0.0461,-0.1367,-0.3089,+0.2831,-0.1587,+0.3066,+0.3434,+0.0603,-0.2043,+0.4021,+0.0622,+0.2015,+0.2604,-0.0493,-0.1866,+0.0885,+0.1212,+0.2086,+0.0019,-0.1065,+0.0223,+0.1015,-0.1358,-0.0179,+0.2397,+0.2125,+0.3366,+0.2368,+0.0236,-0.1394,+0.2507,+0.1519,+0.3669,+0.1537,+0.2198,+0.0000,+0.0589,-0.1712,-0.2295,-0.0402
Nidalee,-0.4852,-0.4242,-0.0960,-0.3809,-0.2397,-0.6007,-0.1576,+0.0041,-0.3862,+0.1824,-0.0443,-0.2328,-0.0634,+0.2506,-0.4664,-0.0392,+0.2173,-0.0922,-0.2984,+0.1636,+0.0417,+0.0754,+0.1187,-0.1779,-0.3753,+0.1451,+0.0419,+0.1418,+0.0384,+0.0285,+0.1981,+0.1563,+0.1088,-0.1295,+0.0818,+0.2445,+0.1869,+0.0805,-0.0693,-0.3037,+0.1083,+0.0895,+0.2381,+0.0610,+0.0094,-0.0589,+0.0000,-0.3376,-0.2347,-0.2194
Pantheon,-0.7189,-0.6211,-0.4196,-0.3677,-0.4755,-0.4637,-0.1092,+0.0541,-0.5410,+0.5050,-0.1390,-0.2382,-0.3810,+0.5419,-0.3024,+0.1318,+0.4323,-0.1282,-0.1454,+0.5783,+0.1419,+0.2343,+0.1602,-0.0274,-0.1854,+0.3568,+0.4342,-0.0017,+0.1696,+0.1194,+0.1658,+0.3180,+0.3586,+0.0637,+0.5950,+0.5182,+0.5399,+0.4738,+0.1888,+0.0065,+0.5472,+0.4362,+0.6149,+0.3758,+0.3924,+0.1712,+0.3376,+0.0000,-0.1200,-0.1859
Sejuani,-0.3859,-0.4215,-0.1828,-0.1730,-0.3518,-0.3014,-0.1626,+0.0715,-0.2171,+0.4171,-0.0378,-0.2999,-0.1408,+0.2790,-0.0713,+0.0514,+0.3432,-0.1241,-0.0840,+0.5208,+0.0729,+0.1691,+0.1120,+0.0742,-0.0161,+0.2648,+0.2437,+0.0316,+0.1413,-0.0768,+0.0343,+0.1957,+0.0993,-0.1000,+0.3791,+0.3782,+0.3244,+0.2454,+0.0272,+0.0453,+0.2419,+0.2368,+0.4059,+0.1904,+0.2050,+0.2295,+0.2347,+0.1200,+0.0000,-0.0132
Wukong,-0.5298,-0.4191,-0.1747,-0.2671,-0.3697,-0.2804,-0.0466,-0.0742,-0.2363,+0.4116,-0.1515,-0.3065,-0.1758,+0.4666,-0.2099,+0.2300,+0.4861,+0.0120,-0.0377,+0.4287,+0.1343,+0.2814,+0.2788,+0.2174,-0.0950,+0.3118,+0.2812,-0.0228,+0.1026,-0.0015,+0.2304,+0.2213,+0.2721,+0.0752,+0.4786,+0.4035,+0.3983,+0.4040,+0.0969,+0.0659,+0.3314,+0.3065,+0.4927,+0.3543,+0.3683,+0.0402,+0.2194,+0.1859,+0.0132,+0.0000
